ISS (ZARYA)             
1 25544U 98067A   25088.50302338  .00029544  00000+0  51845-3 0  9996
2 25544  51.6393 341.6821 0003882  62.7826 355.2851 15.50282348502808
CSS (TIANHE)            
1 48274U 21035A   25088.22306744  .00045709  00000+0  49857-3 0  9997
2 48274  41.4651 147.5117 0005210 123.5162 236.6175 15.62549569223652
ISS (NAUKA)             
1 49044U 21066A   25087.84802340  .00032180  00000+0  56453-3 0  9996
2 49044  51.6366 344.9329 0003587  59.4238 300.7105 15.50246788501534
FREGAT DEB              
1 49271U 11037PF  25087.69847545  .00002861  00000+0  68256-2 0  9990
2 49271  51.6291 242.7583 0890542  18.6637 344.4791 12.28260551170012
CSS (WENTIAN)           
1 53239U 22085A   25087.58391095  .00046490  00000+0  50825-3 0  9996
2 53239  41.4652 151.4114 0005199 118.7298 241.4065 15.62485572214940
CSS (MENGTIAN)          
1 54216U 22143A   25087.58391095  .00046490  00000+0  50825-3 0  9997
2 54216  41.4652 151.4114 0005199 118.7298 241.4065 15.62485572137456
CYGNUS NG-21            
1 60378U 24139A   25087.87811120  .00025167  00000+0  44025-3 0  9991
2 60378  51.6507 344.7895 0013300 110.6255  56.6098 15.50379205 36726
SOYUZ-MS 26             
1 61043U 24162A   25087.84802340  .00032180  00000+0  56453-3 0  9999
2 61043  51.6366 344.9329 0003587  59.4238 300.7105 15.50246788501537
SHENZHOU-19 (SZ-19)     
1 61683U 24194A   25087.58391095  .00046490  00000+0  50825-3 0  9991
2 61683  41.4652 151.4114 0005199 118.7298 241.4065 15.62485572223537
TIANZHOU-8              
1 61983U 24211A   25087.58391095  .00046490  00000+0  50825-3 0  9994
2 61983  41.4652 151.4114 0005199 118.7298 241.4065 15.62485572 16293
PROGRESS-MS 29          
1 62030U 24215A   25087.84802340  .00032180  00000+0  56453-3 0  9995
2 62030  51.6366 344.9329 0003587  59.4238 300.7105 15.50246788501534
1998-067XC              
1 62296U 98067XC  25087.92813435  .01764259  23763-2  19531-2 0  9990
2 62296  51.6167 330.3502 0006897 240.2562 119.7766 16.09428264 17186
YOMOGI                  
1 62298U 98067XE  25087.88731691  .02503997  10747-1  19845-2 0  9996
2 62298  51.6104 330.0537 0007793 244.4822 115.5389 16.16438154 17187
ISS DEB                 
1 62376U 98067XG  25087.94922729  .00827419  31340-3  19413-2 0  9995
2 62376  51.6231 332.8013 0005659 221.4678 138.5901 15.96319970 15541